# 最小生成树

---

给定一张带边权的无向图，求出该图的最小生成树权重之和。如果不存在(即该图不联通)，则输出-1。

#### 输入

第 1 行包含空格隔开的顶点个数$n(1 \leq n \leq 5000)$和边的条数$m(1 \leq m \leq 200000)$。

第 2 行到第$m+1$行每行包含3个由空格隔开的整数$u_i v_i w_i$，$(1 \leq u_i, v_i \leq n, 1 \leq w_i \leq 100000)$，表示点$u_i$和$v_i$间有一条长度为$w_i$的无向边。

每行结尾都有换行符。

保证图中不存在自环，但可能存在重边。

#### 输出

如果该图连通，则输出一个整数表示最小生成树的各边的长度之和。如果该图不连通则输出 -1。

#### 输入样例1

```
5 8
2 1 3
5 3 5
3 1 1
1 5 4
4 1 1
2 3 5
4 2 4
3 5 1
```

#### 输出样例1

```
6
```

#### 输入样例2

```
20 40
13 11 7
20 12 10
19 1 1
7 14 10
5 12 7
2 19 5
15 4 5
12 5 3
16 3 2
19 5 7
15 7 9
8 14 4
2 6 4
13 4 7
10 4 10
8 10 1
9 12 1
20 4 4
5 15 7
4 10 4
16 12 2
17 11 5
19 7 10
8 5 10
2 9 9
18 20 10
15 1 9
1 8 10
15 7 5
16 14 8
7 10 7
12 4 3
4 17 10
11 19 2
3 7 5
3 4 6
9 4 1
19 3 1
16 2 10
9 2 8
```

#### 输出样例2

```
67
```

提示： 推荐大家使用kruskal算法搭配并查集实现本题，关于并查集的的更多介绍可以参照https://www.geeksforgeeks.org/introduction-to-disjoint-set-data-structure-or-union-find-algorithm/